-7.6445 108.6451 1
47.4636372 -79.4387857 1
6.4876142 -6.5836774 0
-27.3330369 -57.6382382 0
46.4566661 33.8723511 0
45.638468 0.129895 0
44.2480359 20.6848641 0
43.6121586 3.8626074 0
52.0629803 19.6406627 1
-7.1570833 110.2862003 1
50.0429768 46.8886722 1
-6.5643956 106.2522143 0
-5.0731807 32.6913107 1
-6.1425043 106.7985107 0
22.9155908 91.8580145 0
51.949401 -7.8434254 1
35.872664 120.04619 1
27.976295 104.319304 1
5.87568 121.29146 1
34.8702789 138.2530386 0
-6.3385652 106.9447146 1
-7.2026914 108.1013637 1
33.8629813 65.7609502 0
5.9052 120.9569 0
39.983599 98.90327 1
30.235005 116.475481 1
34.73564 105.32632 1
47.0944959 51.9238373 0
45.0818466 18.3957811 1
29.772645 118.703307 1
29.915414 107.347009 0
40.500471 -3.6673942 0
25.917098 69.104948 0
16.5163413 -15.802612 0
52.2283049 21.355139 0
10.5685138 1.7283341 0
29.756501 121.507191 1
-7.3559 107.8034 0
57.331693 25.6100339 1
31.889745 120.036434 1
12.573631 102.1041583 1
-6.4154 105.9121 1
44.7811062 20.1963089 0
-0.6256517 100.1233396 1
50.6694072 15.9132421 1
59.6484097 16.5685158 1
48.5582238 32.9001451 1
32.229334 -110.8772009 1
47.0419512 8.3140814 0
16.8046261 101.0089066 0
-6.192143 106.8209006 0
-12.1339194 -38.4211655 1
31.213534 121.445448 1
41.860976 -8.8225193 1
16.18271 44.62613 0
44.9248529 13.8198739 0
-7.0682775 108.430572 1
37.9133273 139.0158281 0
55.6503772 37.1124597 1
2.9329721 101.6259842 0
-7.355927 110.6422198 0
18.496426 -69.825743 0
-21.4261129 -45.9481612 0
40.6919067 22.1007382 1
21.951497 111.809478 0
27.648891 118.698821 0
-22.5077597 -44.0947303 1
29.448128 116.04506 0
8.7178672 -11.951925 1
-7.5429807 110.8135688 0
52.1861944 5.3099089 0
27.5002269 90.5080634 0
60.429728 15.508083 0
27.145704 106.457478 0
-6.7332152 111.1950767 1
-13.7134562 -76.1841701 0
47.2550409 -1.5401497 0
55.650711 37.39423 1
-30.85775 29.85391 0
40.04606 117.408306 0
56.06675 -118.38606 0
44.5241143 18.0994197 1
30.8707353 55.2756505 1
42.214405 -8.7357274 1
45.53338 -73.21585 0
41.2371977 -8.1638851 1
30.070933 118.181531 1
-28.5757953 -70.7571009 0
8.5085685 124.588657 0
-34.8212065 -58.4351387 0
0.707531 30.0636349 0
49.8756758 -106.5573172 0
22.7906701 39.0189623 0
-26.8268706 -65.2705688 0
31.5159823 -9.0743876 0
15.8515169 104.1698463 1
46.7457125 5.9081968 0
44.956193 128.3838321 0
59.2411379 17.9913767 1
-1.241956 29.9856157 1
40.3418956 21.5118754 1
29.2673269 51.2317711 1
49.5265342 29.9197237 0
34.728584 112.132488 1
-8.4774 115.597 0
-8.577582 115.136457 0
50.91671 -102.80099 0
5.312706 103.1353009 1
-8.3765619 115.1918802 0
7.4286324 100.1927389 1
33.426956 130.6436108 0
38.0565317 140.1011565 1
32.7811016 12.4495221 1
50.0413118 19.2000652 1
50.7798051 15.8470487 1
3.1645789 -65.551361 1
-10.9265815 -74.8745545 1
-21.5367935 -43.0129853 0
53.2544872 14.4927021 0
17.9567646 -102.1943485 1
-7.3210819 112.718192 1
32.7634169 -117.1230937 0
37.646108 120.477813 0
23.3854292 113.4895468 0
-8.447079 115.111632 1
26.885704 120.005147 0
46.2209242 14.3353423 1
42.0649631 -8.3756082 1
-11.388934 43.390991 0
62.34824 129.96471 0
34.87725 103.8617 1
-18.3714305 -54.6972774 1
20.5083303 -97.6724456 0
41.2921503 -96.0573302 1
55.796264 37.719368 1
39.4669358 -7.93596 1
38.656021 -27.268149 1
40.888872 19.5181312 1
30.2427011 120.1502699 1
43.4265165 41.7374739 0
31.50911 34.94938 1
-6.5114699 106.8325872 1
22.270978 113.576677 1
41.6252602 48.6763991 1
38.8974019 -77.0262531 0
39.133989 -7.5865443 1
16.3112941 104.8221147 1
50.4225 104.1075 1
-34.5023286 -58.6661711 0
45.7718709 126.6701902 1
28.918207 120.001353 1
45.5423201 5.449605 1
-7.6543174 109.2920742 1
38.3192083 69.046356 1
22.8157128 108.3451423 0
9.47417 -78.96667 1
55.662882 37.5826719 1
-6.4534018 -39.6105142 0
36.9522824 26.9807653 0
28.866776 121.1706959 1
14.4290353 121.0360943 0
15.187831 120.057435 0
37.9773385 140.1850334 1
47.0602152 37.3087599 0
26.789958 114.908872 0
15.8971172 100.1031202 0
37.363389 122.552273 1
4.6096768 101.1064003 1
-19.6115404 34.7409293 0
52.1565353 46.9612179 1
14.3705235 120.8168869 1
-11.7401439 24.4232735 1
6.6693528 9.1622211 0
-16.6488964 -49.1565948 1
31.038781 114.5465571 1
24.8658422 121.2969674 1
53.3449659 32.0532332 0
-8.4513 115.6162 0
53.1179087 17.2873137 0
26.312444 99.850365 0
50.5848682 15.4126394 1
-15.66758 -72.534439 1
41.1897615 -8.330057 0
11.2284137 123.0895987 0
-4.3253802 20.5870955 0
25.2048493 55.2707828 1
45.9166015 18.9673241 1
15.3972131 100.8677256 1
31.85932 105.754223 1
41.7856407 19.6721146 0
8.606157 -79.8884819 0
-30.7102921 27.2382163 1
48.6469926 25.7383108 1
-3.6092043 115.9334954 0
24.565521 117.936238 1
39.7122932 -8.5290447 1
25.941708 119.560304 1
-6.7062035 111.1518552 0
10.23333 106.28333 0
49.3304143 17.2726367 0
26.9105097 68.1863546 1
40.8576169 -8.5183398 1
0.565435 108.9272 1
-7.7016409 112.9827091 1
14.576059 121.122805 1
23.69781 120.960515 0
-7.7188383 108.024301 1
0.7573413 73.434227 1
6.9787414 79.9310946 1
45.6438305 18.5215008 0
14.5919106 121.0228804 1
8.508983 125.969667 0
14.5618599 121.0130439 1
7.0513571 14.4344853 1
32.968121 130.6358305 1
50.9131655 31.1168458 0
39.2494876 -9.1668376 0
37.38198 117.970699 0
39.9317949 116.4559849 1
59.8557818 13.5485237 1
54.256793 -1.90546 0
-21.35188 -46.4970116 0
48.695223 2.190167 1
45.1810363 19.9442694 0
39.873363 -4.0414005 1
-9.9423239 124.3865392 1
44.165729 132.7602034 0
-6.3943 105.9495 0
35.6704666 139.6596071 0
42.9856238 25.6162991 0
39.932164 116.456946 1
43.0370523 -80.8810794 0
48.8693156 2.3501981 1
-6.1624112 106.7974566 0
53.510243 -8.8562835 0
23.11153 109.57224 1
34.728584 112.132488 0
6.474867 -72.970517 1
47.6508882 -122.3084023 1
44.0264621 5.0852479 1
31.385597 120.980736 0
10.9318486 124.0280263 0
55.7393377 37.6642542 1
-22.1755019 -46.805914 0
-6.3660452 107.4144526 0
36.5503029 136.888602 1
35.2922775 -2.9380973 1
63.4400274 10.4024274 1
57.6294504 53.0252053 0
-3.0443341 -69.097023 1
48.5986674 37.9980367 1
-7.1617465 -78.5127855 0
-6.8864 111.583 1
60.261145 20.7891235 1
48.0589455 34.6153907 0
-8.7876456 121.6029824 0
47.4912362 19.0858151 0
-6.4712737 110.8171082 1
49.2152833 17.7687416 0
51.252485 32.4227839 1
50.8667699 18.828601 0
52.3626877 4.6195236 1
51.9034509 16.955476 1
13.45529 43.94704 0
31.2303904 121.4737021 1
-17.8336363 48.4088007 0
58.0618351 7.584995 1
22.7325323 -12.4753205 1
41.3807001 -8.7336232 0
59.3257293 18.0160867 1
46.1542793 15.2359979 0
31.1710599 121.488302 0
-8.5277646 116.5019976 1
11.9050612 -86.0962783 0
-7.262294 110.403477 1
32.6546275 51.6679826 1
45.911222 127.059486 1
8.9172672 17.5505152 0
13.7544241 100.5340482 1
-8.1883096 113.6472457 0
-0.421633 116.980756 0
50.0705922 15.1845475 0
14.6066438 104.705431 1
57.4955715 13.1146225 1
25.112046 99.161761 0
29.528923 104.990101 1
47.3842312 8.5324101 1
48.8493975 2.4751086 0
9.338241 -66.2575425 1
-7.2936876 112.2771485 0
25.179836 119.08713 0
-6.2311496 106.8274069 0
23.082498 113.518911 1
49.116169 6.1807997 1
43.5066525 23.8635696 1
46.1554974 16.4207632 1
60.8560471 22.6973045 0
-10.1917127 123.5616058 1
45.8272842 20.4615173 0
12.074325 -1.3421032 0
18.5058296 -70.3051347 1
53.2599034 -6.1603828 0
5.329576 103.1369108 1
43.1406976 20.5213617 0
36.4465346 127.1191534 0
33.74859 105.903018 0
59.8271777 10.7948784 0
34.527114 108.842622 1
-8.6573819 121.0793705 0
41.3495192 -8.5704778 1
22.555259 113.884019 0
22.2304314 113.5411611 0
3.1035814 101.640078 1
26.6761327 31.4945887 1
9.834832 -75.120521 0
-7.2538172 -79.129784 1
41.2096885 -7.7780329 1
46.9821813 35.1115128 1
37.4391941 140.5728754 0
-7.3304684 108.4424414 1
45.638468 0.129895 1
-31.4325479 -64.1305924 1
-9.6665263 120.2465683 1
-7.0405094 111.2636363 1
20.7156807 -77.9938497 1
-20.7430332 -46.6096926 0
-8.1189113 113.6621236 1
25.038296 102.664376 0
32.19061 35.29332 1
40.02575 124.2869167 0
13.45529 43.94704 1
-8.0030419 114.3103718 0
-46.5996116 168.3457088 0
39.02 -94.72 1
46.76786 83.14697 0
49.4515969 16.5371625 0
41.57365 120.4493879 1
8.16682 99.8348146 1
25.9119375 32.7632609 1
50.98804 16.83363 0
31.092719 93.812858 1
31.7711077 119.9742793 0
27.1252867 -13.1625005 0
26.9597709 49.5687416 1
-8.4044008 116.5491893 0
30.190334 122.689752 0
9.3595215 -69.9877879 0
57.7119589 12.9890358 1
-3.1446171 104.5305715 1
-34.5941789 -58.7294973 1
-2.9505021 104.8746508 0
35.7952267 51.4322706 0
39.2274333 -9.1706522 1
14.5374461 121.022248 0
-7.2489098 108.48102 1
54.914389 85.646652 1
60.0410708 18.6130609 1
48.8139473 29.3812035 1
49.8309961 18.3894128 0
34.728584 112.132488 1
53.1580196 18.1549367 1
14.547741 -86.6661453 1
41.0325871 -7.6226254 1
6.0639962 7.4760047 1
11.3460734 9.6591939 1
40.64278 19.65083 1
48.7359203 22.4723243 1
35.881896 14.401413 1
57.8773671 41.7123719 1
3.9878168 -75.946324 1
40.3733802 71.7978333 1
10.5943971 -85.2017554 0
-6.2624908 106.1713267 0
32.256909 112.24048 0
11.446769 125.491172 1
13.6855601 100.444639 0
-6.8063294 107.6363296 1
34.723382 116.940771 0
34.746611 113.625328 1
16.2413934 -61.5340396 1
23.12911 113.264385 1
-7.0682775 108.430572 1
42.3781869 -83.1059154 0
39.819732 -8.8093934 1
14.5659717 121.0108932 0
-7.3682379 112.7554346 0
-6.926103 112.884399 0
30.63963 114.385538 0
-12.182745 -39.2167652 1
49.9800949 19.234704 0
37.433963 118.674614 1
22.585397 113.38492 0
-11.806679 -77.1657716 1
4.5191097 -76.0739999 0
14.955476 120.8868617 1
22.6491239 -80.0479039 0
-7.8533911 111.2994071 0
63.6182729 22.7568858 0
52.8119141 126.5464162 0
44.4990862 38.1368927 0
7.7896079 100.3048897 0
48.1700928 11.5776824 1
4.9640933 36.4878241 1
31.6532755 69.4038491 1
-34.4765431 -58.7226377 1
-0.9233715 100.4547262 0
37.9346907 21.1449975 0
41.477249 82.580514 0
39.309746 115.958784 0
11.7874103 -86.5141817 1
36.446025 118.762242 1
59.9959635 30.2984767 1
52.4615066 13.4346565 1
25.6872431 32.6396357 1
-21.7712926 -47.0856897 0
46.3899032 16.6974271 1
5.9630513 10.1591213 0
29.784315 115.910958 1
31.4374773 -7.4060306 1
13.3678344 123.3081877 1
3.7953482 10.1367166 0
-0.9452342 -48.1002024 1
15.3097361 120.8940375 0
17.39713 43.47743 1
58.3971367 56.4158867 1
25.3902138 69.7414118 0
9.0039801 -75.3645369 0
-8.9 34.583333 0
35.0702051 118.2536287 1
5.3262083 -4.3667907 1
-8.1924285 112.7011258 1
3.9628564 101.866362 0
37.7852875 127.0458453 0
-6.9465 113.8331 0
53.4562426 -6.2071246 1
45.2599884 20.5735568 1
-3.7368149 119.5803605 1
-6.9936 112.0647 1
-6.8928049 39.1803741 0
-7.051 112.4232 0
41.8038684 140.7289269 0
-34.6066162 -58.4052178 0
53.3797233 49.5564219 1
-13.9448918 -74.3132878 0
43.2388068 45.5034856 0
33.1837961 -97.1305536 0
-8.2725 123.3991 1
33.5727724 36.4093761 0
56.6622664 12.8728282 0
30.909922 115.943284 0
31.644875 90.21512 1
53.0475258 90.944621 0
-8.4378527 115.180023 1
29.8667325 121.5557719 0
41.548437 82.433337 0
37.27 -79.94 1
-8.5324245 120.7982029 1
63.7435338 53.7021347 1
29.358966 119.222105 0
28.5091355 34.5136344 0
30.2873739 120.1527409 0
25.261992 114.593792 0
26.641315 100.222545 1
31.2303904 121.4737021 0
53.8168303 49.0891636 1
4.398278 -74.828718 0
53.0418691 16.4616756 0
55.2763668 61.9012109 1
-23.062277 -54.1999693 0
4.3982671 -74.0887576 1
-23.3105968 -51.366412 0
40.420237 114.090867 1
27.472075 52.6146057 1
-5.4703809 -80.7477708 0
36.7555943 139.5763839 0
39.9915265 19.9154479 1
38.7759506 -9.2661131 0
43.572786 27.8272802 1
19.802837 110.685162 1
-6.9508 114.0064 0
28.481417 102.495014 1
-6.197602 106.896143 0
24.3482735 116.6988851 0
49.48153 0.108211 0
11.5730131 124.4203391 0
47.309537 123.7529099 1
57.8593919 12.4331389 0
-8.5052 118.6133 1
41.4252912 -8.5601403 0
-28.6880903 27.4380189 1
28.5776106 81.6254283 0
23.736457 107.998149 0
15.040667 -88.3020602 0
31.491169 120.31191 0
-3.7580937 102.7942473 1
-7.6557879 108.3979331 0
-22.3539973 47.8402601 0
-6.9888 113.0036 0
-25.7464549 -53.0615734 1
48.9901636 17.3326946 0
47.9039934 106.8227864 0
-21.8421051 -47.4710798 0
46.25006 -83.5666 0
48.1164447 -1.7128603 1
41.4252912 -8.5601403 1
-21.7112092 165.8299327 1
8.7603327 -70.1158113 1
52.1949456 35.0572656 0
40.3206366 -8.708013 0
18.759886 -69.2607406 0
-15.741151 -43.0280584 1
60.6152048 15.6527231 0
58.695946 11.2533509 0
39.495941 63.85672 1
4.8238623 96.195132 0
34.82828 135.6292708 1
56.1244724 38.8768972 0
-18.8273274 -65.1202564 1
-8.4164207 115.3459831 0
38.259679 113.993296 1
50.6227967 16.4623415 0
5.0549877 -75.6789905 0
-8.081766 -78.0883695 1
35.9329039 10.0219822 1
32.30798 35.16593 0
-7.328379 108.207215 1
-7.177049 108.4127686 1
22.994717 113.608903 1
59.834171 30.5188521 1
-20.4413004 -63.2798225 1
13.4253347 123.2648166 0
5.7055314 6.8083063 1
38.889471 -77.0578855 0
-8.7876456 121.6029824 1
40.2023282 116.2398367 1
-4.1136576 104.6442073 1
36.389401 120.44716 1
29.31718 89.054565 1
13.5192458 -87.6001222 0
55.8465109 13.4095386 0
54.0541924 17.5871593 0
13.5001159 -14.0144902 0
-21.4405898 -43.5222313 1
22.428345 112.509269 0
53.3881832 -6.2611953 1
62.5988609 34.9332074 0
45.6258385 0.0629891 1
58.322001 12.3145938 0
39.9250988 116.3968433 1
50.9603536 14.3596743 0
-13.7145854 26.2304616 0
22.9353419 113.6587617 0
6.1191928 100.3707441 0
14.5482727 -89.6618378 1
25.5822549 -100.9086492 1
46.3392772 14.9599807 1
23.3362272 112.7222244 1
-16.3800324 -60.9656452 0
22.8109535 91.8696765 0
31.9018747 35.8970453 0
-6.728 111.049 0
18.4320055 98.9024603 1
22.170437 111.791539 1
25.8007724 -100.4277766 0
28.650072 121.261886 0
19.1753648 -96.1427574 0
3.3273599 117.5785049 1
13.3200851 101.1015323 0
42.0107787 128.0660957 1
-9.5587797 124.3272134 1
12.2551576 122.0533593 0
50.9210958 6.8968829 1
31.912048 119.783935 1
41.005341 71.236153 0
55.1067515 82.9132833 1
35.12751 36.21444 1
-34.5151107 -58.4973265 0
-6.588201 106.804564 1
-6.936 112.8633 1
57.9258984 59.970317 0
-19.0085724 30.9015642 0
31.927317 35.299468 1
-23.5198964 -46.3408798 0
8.0275138 79.8367828 1
5.5001866 5.9938339 1
-7.4869186 108.4691492 1
27.246947 114.702652 0
-6.9774659 110.5806783 1
-6.3323202 106.0316898 1
37.9478539 22.7911211 0
43.7745094 16.8628891 0
40.9971976 22.5703984 0
-4.9281176 38.904164 1
54.3266413 40.8909987 0
33.626149 114.69695 0
34.2565473 135.4765527 1
46.259611 5.653268 0
25.692699 117.847115 1
47.8024242 3.3671862 1
52.9369158 -66.9238331 0
19.2983328 -69.5523252 0
29.8044311 71.7406583 1
-1.2088413 116.8776192 1
18.3267954 -77.0075055 0
40.232604 116.410742 0
39.96 -83 0
49.2706048 -1.6509128 0
-34.9284989 138.6007456 1
-7.1486683 108.002075 0
29.696323 115.439898 1
41.7958538 -8.6553243 0
22.916134 114.1002135 1
47.2550409 -1.5401497 0
38.0307786 23.7038541 0
15.2881534 -91.0894479 1
15.8048323 120.9997478 1
24.1322243 67.4549228 1
48.6057111 101.9343734 1
53.3347733 -6.2427004 1
29.306756 120.07514 0
40.3277798 19.4749941 0
50.3483062 20.6741631 0
28.285697 112.251062 0
34.050751 -118.3841777 0
33.1401715 119.7889248 1
13.3539251 5.2344983 1
52.6029163 41.4669909 0
55.8346942 13.6546035 1
41.1943451 26.2992566 1
45.4352011 20.4744696 0
14.7342524 121.0702642 1
51.55683 105.1262 0
53.83333 30.38333 0
16.0072833 -61.7159101 1
25.4106386 51.1846025 0
0.6183138 -77.9424531 1
51.6661372 82.756927 0
49.7149346 28.8363647 1
-21.2525138 -48.3256762 1
25.941937 117.365052 0
48.2368992 38.2082157 0
18.8340566 -72.8663173 0
20.452352 -97.3141928 0
10.6989729 122.5747412 0
9.2029332 11.2922884 0
27.171779 111.62224 0
13.9293954 121.3228399 1
44.666926 19.2469148 0
-7.0448067 109.1474718 1
14.9192781 100.2905604 0
51.789985 39.559439 0
49.8156816 18.8067375 0
59.6932155 14.1583048 1
36.951766 102.494696 0
36.4626965 10.7492466 0
-37.9599734 -57.6201482 1
14.5655554 121.0335158 0
24.094765 116.00509 0
-13.3108167 -75.4102538 0
17.228242 120.6124166 0
58.702194 39.924084 1
50.2440056 20.7239305 0
-6.9758 113.8009 1
29.8812968 111.4535119 1
-19.7270406 -50.265662 1
7.4843888 124.9404982 0
-6.427987 110.9561 0
29.693392 -9.732157 1
61.2323264 7.1061441 0
42.6978209 23.3245641 0
58.3353986 12.3257105 0
31.029897 105.220236 1
-20.7314751 -42.0299263 0
-8.3081 113.4586 0
59.925824 10.6614716 0
45.2977605 2.5135985 1
42.5246357 87.5395855 1
51.9328106 21.3032807 0
41.8265437 -71.4013635 0
39.9838002 127.6124552 0
25.362088 118.691608 0
59.8581364 17.6545551 1
55.9015576 52.3550104 0
40.9109489 49.0729264 1
24.0441592 90.9856518 1
46.6666667 93.25 1
43.7713642 17.0283262 1
27.519549 114.073416 0
6.7645757 126.0857408 0
49.3788944 14.7029806 1
-2.0908079 111.2606554 0
-8.8313638 121.8363339 0
13.2317498 123.7702587 0
43.0429124 1.9038837 0
26.201227 105.480028 1
17.4458367 121.5250628 1
-24.1959097 -65.2939441 0
36.8154975 50.8716494 0
55.2273044 27.4650969 0
-0.4797043 100.5746224 0
49.1931313 -0.3907558 0
53.4855448 -6.1544115 0
50.3919 30.368267 0
-8.6519695 116.4813482 0
-27.3987162 -55.9209672 1
19.1641495 -71.7889374 1
6.3346249 124.9492975 1
26.641315 100.222545 0
26.0952694 119.3062749 0
-34.6824081 -58.5146668 1
30.677233 121.015142 0
6.3833462 -75.5858886 1
48.9410561 15.6896923 0
-12.7822122 45.2582086 1
39.9179113 22.595535 0
50.063355 18.4336557 0
-6.9000441 112.9029014 1
48.8744977 2.3410371 1
40.4369723 -8.7230388 1
39.1845611 22.7382766 1
32.060255 118.796877 0
50.85237 19.9677201 0
27.198639 54.3666012 0
34.534625 69.1357318 0
26.6274775 49.9161886 0
42.0416939 19.94522 1
18.4073894 -77.1031345 0
-6.5596329 111.0534923 1
-11.0646689 -37.4894776 0
51.0768184 17.1762909 0
34.21422 69.10026 1
61.8628073 29.2775676 1
53.7852624 27.6290067 0
9.016675 -10.59317 0
47.6632745 1.206057 1
32.460037 112.228897 1
30.83537 115.636717 0
53.437194 41.789046 0
-17.0918434 -71.7711448 0
41.069856 124.048328 1
-5.9345929 -79.222328 0
-0.9807341 30.2512728 0
32.13208 35.203342 1
41.1829232 20.3174769 1
24.880095 102.832891 1
18.0651384 -77.4658948 0
-7.7546695 112.1877315 1
39.3112503 26.2201411 0
7.1949432 100.5905788 0
31.189496 121.42185 0
-8.7290069 120.409835 0
49.0194225 2.4613377 0
-16.4443537 -39.0653656 1
42.4782102 78.3955986 0
-27.4308908 -65.6147813 0
-0.7351026 8.7591311 1
22.1484928 -80.2014543 1
-10.9666739 -37.2544065 0
1.3796294 -77.2520101 0
-31.4564169 -64.2128798 0
-36.1406484 -71.8227528 0
1.424768 103.6487041 1
38.3559764 140.3748668 0
-7.690753 109.2861268 0
37.617937 120.395988 1
42.83528 22.65167 1
15.82496 44.06204 1
50.2202953 18.7801585 0
45.4912891 20.6465628 0
37.9442881 23.7117556 0
12.1409532 123.2760396 0
-13.60277 -71.7676089 1
-7.4509461 -78.2696832 1
3.2359747 98.6875659 0
12.6234721 -87.1273253 0
38.7178621 -9.3240249 1
55.9309486 -3.1859102 1
10.3846169 -67.0166725 0
40.934156 123.2064649 0
37.4212157 -5.9251211 0
44.1425014 22.7793914 1
31.219568 118.268101 1
29.0853759 48.0654706 0
-6.983333 -76.366667 0
25.109249 118.698572 1
56.947079 23.6168485 1
48.749354 2.480322 1
35.2304671 24.9826973 0
39.109563 117.223371 1
38.8189466 -77.0593246 0
49.7514502 6.4641645 1
-5.1804211 105.4302383 1
27.88157 102.267712 0
52.6958598 41.4284466 0
-4.087067 -43.7142484 1
43.4945737 5.8978018 0
62.3946271 17.2842162 1
54.2714024 18.4710402 1
48.6632704 33.0967875 0
-20.0783278 -44.301421 1
13.5369065 -87.485158 1
31.385597 120.980736 0
52.1012559 21.053265 1
32.8279425 13.3818345 1
28.679282 121.435569 0
45.7140258 20.7713965 1
6.300757 36.878471 1
25.200027 119.482942 1
24.1048998 52.7241914 0
-7.6272472 114.0369075 0
14.4693883 121.0059518 0
-21.4096214 25.5858711 1
14.5316764 120.9983837 0
27.9926014 69.3162364 0
40.9282833 24.3057691 0
-16.9163431 -56.0249982 0
24.0993658 90.1046678 1
44.202131 38.8907294 1
20.7501646 -76.0333885 1
30.910965 114.827038 1
13.7558622 7.986535 1
-0.9342008 100.3617345 0
36.7558101 41.3986916 1
-17.4776078 -70.0339387 0
49.0511571 4.0911917 1
39.109563 117.223371 0
48.1406371 38.9367364 1
59.0541421 12.695366 0
59.1395 9.65523 0
46.18869 90.80581 0
18.298167 109.452379 1
20.1566488 -76.947022 1
-7.6387228 111.0460407 1
-22.6148577 -46.7057601 0
1.352083 103.819836 1
22.7615314 105.348246 0
-2.7158764 30.6286186 0
63.8191979 20.2821264 1
35.9240269 -78.5829504 1
59.7725109 60.0672588 1
7.1774408 124.5350175 0
42.73583 112.65139 1
12.087083 15.0148322 0
57.5798009 11.9641514 0
30.975286 105.190522 0
11.1619 124.005 0
37.6583599 126.8320201 0
67.9547288 23.6829386 1
7.7553228 124.2474479 1
56.968436 -2.2508745 0
39.525207 117.711487 1
26.87365 115.102495 0
37.005017 114.683863 0
51.38494 30.19978 0
20.585863 -100.384181 1
56.5005833 39.6794042 1
31.9428516 131.2959142 1
22.64879 114.197173 0
12.647214 102.0032957 1
60.1163207 32.3008149 1
-6.197006 106.615284 0
9.1009716 104.8921668 0
58.1348867 8.006095 0
-34.6182974 -58.5303202 1
71.9666987 102.5000418 0
18.9201578 -99.1802147 1
11.536819 122.489398 1
42.654146 122.749282 0
49.5458457 19.0802389 1
62.0096447 -6.7716551 0
-23.4595396 -56.7383988 1
-23.1330259 -47.048576 1
-6.4456338 38.898941 0
37.2719952 127.4348221 0
32.4545928 -93.7079745 0
-16.7698232 31.5769572 1
0.663325 103.4569571 1
-23.9793102 -48.8768997 1
14.419531 103.1008409 1
-23.7981763 -48.5962748 1
43.2721945 47.5220901 1
59.85299 30.245977 0
46.1503563 15.0453137 1
-19.4707617 -42.5480125 0
13.950488 121.157258 1
1.0565562 124.4946697 0
-8.6738819 115.2096864 0
31.422941 116.892944 0
45.304073 130.980894 1
-7.355927 110.6422198 0
11.1626327 -68.7259306 1
-4.3681626 -39.4035876 1
37.38198 117.970699 0
50.3150962 34.9005644 1
27.866183 115.333116 0
44.634519 41.9328118 0
58.1186443 30.3076575 0
58.7542973 16.8555169 0
15.1274943 104.5757366 1
53.9096 37.736 1
49.476996 0.1639479 0
36.9853085 41.8184743 1
10.2166111 -83.7819816 1
38.9424786 105.6553049 0
50.9524702 20.4081061 1
22.974898 113.993115 0
30.6377274 73.0947607 1
8.9061016 117.5524235 1
53.2231057 6.5319506 1
-8.5575745 116.5377213 0
40.8207633 24.2429692 0
41.2681051 -8.308171 0
-22.4101426 -47.5717516 1
25.771635 111.170552 1
30.2785 109.62866 0
17.9341079 97.9157099 1
50.0296342 16.6005976 1
51.1691046 18.3941226 1
57.670116 66.1742259 0
-13.0331624 -46.7705781 0
60.008624 30.412653 0
30.536514 114.975487 1
38.0932151 69.3413913 1
35.89333 14.39889 1
42.0264858 43.5525727 1
64.3443188 40.8058276 0
26.630845 106.750625 1
42.6 25.55 0
54.6940627 36.0216999 1
45.9472601 -0.9636732 1
52.7387427 58.6660975 1
35.6704666 139.6596071 1
48.3705292 -71.2653479 0
58.4648143 49.2628773 0
18.4670158 -69.8932436 1
34.074131 108.158909 0
11.366667 7.633333 1
40.7264865 -8.0002329 1
59.8863041 29.9085976 0
29.482105 86.228141 1
50.069277 22.442238 0
39.495941 63.85672 1
52.307093 85.0828553 0
49.9555247 15.9914362 1
-3.69067 128.18478 0
-7.0872117 110.9134113 0
35.950418 101.925248 1
49.7575973 16.6635314 0
44.1875931 -77.3882908 0
-7.0543951 108.6131093 1
-2.5252502 101.7523854 1
42.3569364 24.1115593 0
1.5484759 103.7983752 1
38.92 -76.99 0
41.0550723 -8.5177375 1
34.90704 36.40444 0
31.89609 35.08178 1
-7.3077709 108.5522531 0
38.80549 -9.3277081 0
54.11215 -9.151825 1
-6.5683 106.4116 1
-34.7796334 -58.6040349 0
6.8192374 3.1930302 1
60.6985859 17.112779 1
9.231487 29.8005027 1
40.6238902 -75.3936808 1
41.0289533 71.845274 1
-6.6572023 106.7057733 0
28.782431 113.122376 1
32.888994 120.555917 0
-6.0768719 -47.8032284 0
19.696407 109.218734 0
31.9339724 118.670339 1
-7.935534 110.7148829 0
-8.3848454 123.5560069 0
25.9152 115.626796 0
18.1311468 -66.6395219 0
31.947507 112.017723 0
10.3895862 -71.4692843 0
27.836154 121.157249 0
12.1224221 -68.8824233 1
-7.012244 111.3798928 1
28.357764 121.143873 0
-0.819175 120.167297 1
23.1635991 -82.2854848 1
43.4899263 2.3764372 1
43.4945737 5.8978018 1
31.138677 120.645158 1
41.0734242 -7.7770505 1
46.761348 124.23692 1
-6.7387737 106.8768415 1
53.9559626 38.2899306 1
-7.6387228 111.0460407 0
28.791929 116.844706 0
54.2223118 -10.0320886 0
11.4218134 122.6653777 1
38.2739241 15.5562304 0
40.88472 20.09944 0
46.4845293 13.7857145 0
43.6410973 51.1985113 1
